    1        8.307356455E-13
    2        7.987240327E-12
    3        1.090964317E-10
    4        3.726826576E-10
    5        1.039987440E-09
    6        2.308535636E-09
    7        4.441594372E-09
    8        7.878799099E-09
    9        1.271837168E-08
   10        2.004576527E-08
   11        2.987633151E-08
   12        4.210413227E-08
   13        5.881054768E-08
   14        7.971816823E-08
   15        1.040214890E-07
   16        1.357325905E-07
   17        1.746296579E-07
   18        2.204122063E-07
   19        2.769048331E-07
   20        3.383112728E-07
   21        4.112812330E-07
   22        4.956679567E-07
   23        5.955662821E-07
   24        6.995620462E-07
   25        8.238923592E-07
   26        9.534216045E-07
   27        1.101514424E-06
   28        1.287864933E-06
   29        1.466205489E-06
   30        1.678066847E-06
   31        1.902566416E-06
   32        2.135844535E-06
   33        2.415445086E-06
   34        2.736355900E-06
   35        3.070336402E-06
   36        3.441492064E-06
   37        3.798923293E-06
   38        4.238875072E-06
   39        4.649430229E-06
   40        5.061656570E-06
   41        5.649205554E-06
   42        6.220190664E-06
   43        6.709368729E-06
   44        7.510339351E-06
   45        8.057974606E-06
   46        8.983548052E-06
   47        9.783820340E-06
   48        1.048953256E-05
   49        1.146268073E-05
   50        1.243697463E-05
   51        1.341439287E-05
   52        1.447153724E-05
   53        1.559221091E-05
   54        1.669561181E-05
   55        1.789207543E-05
   56        1.914137460E-05
   57        2.033680351E-05
   58        2.151866811E-05
   59        2.294782201E-05
   60        2.438897661E-05
   61        2.604702928E-05
   62        2.788130894E-05
   63        2.946671453E-05
   64        3.139756518E-05
   65        3.328457622E-05
   66        3.506011450E-05
   67        3.753725959E-05
   68        3.941475806E-05
   69        4.148267827E-05
   70        4.371232326E-05
   71        4.522534331E-05
   72        4.747292979E-05
   73        4.989853351E-05
   74        5.298114321E-05
   75        5.559191440E-05
   76        5.863369422E-05
   77        6.368024525E-05
   78        6.934682301E-05
   79        7.481035381E-05
   80        7.928240686E-05
   81        8.287007943E-05
   82        8.603084464E-05
   83        8.990802508E-05
   84        9.338410310E-05
   85        9.661386564E-05
   86        9.927005429E-05
   87        1.040022051E-04
   88        1.060567011E-04
   89        1.108028396E-04
   90        1.148704175E-04
   91        1.198776295E-04
   92        1.244278650E-04
   93        1.282299509E-04
   94        1.353093150E-04
   95        1.412293788E-04
   96        1.465701280E-04
   97        1.521177216E-04
   98        1.571662703E-04
   99        1.647966840E-04
  100        1.716098504E-04
  101        1.765442463E-04
  102        1.873820040E-04
  103        1.948256945E-04
  104        2.029584121E-04
  105        2.074113504E-04
  106        2.138751094E-04
  107        2.227511042E-04
  108        2.291338910E-04
  109        2.361615384E-04
  110        2.487094505E-04
  111        2.553207458E-04
  112        2.660505896E-04
  113        2.738759595E-04
  114        2.905401781E-04
  115        3.022609234E-04
  116        3.203905060E-04
  117        3.296198962E-04
  118        3.460358321E-04
  119        3.613174910E-04
  120        3.694704460E-04
  121        3.806037600E-04
  122        3.961280243E-04
  123        4.064078278E-04
  124        4.221918634E-04
  125        4.392838343E-04
  126        4.464403865E-04
  127        4.681545921E-04
  128        4.793278212E-04
  129        4.899871849E-04
  130        5.015155547E-04
  131        5.161813984E-04
  132        5.286079298E-04
  133        5.374005225E-04
  134        5.490663781E-04
  135        5.607676751E-04
  136        5.720238264E-04
  137        5.826433824E-04
  138        5.918860272E-04
  139        6.071442110E-04
  140        6.090367616E-04
  141        6.280289809E-04
  142        6.335135854E-04
  143        6.481531992E-04
  144        6.596649676E-04
  145        6.593764263E-04
  146        6.834106547E-04
  147        6.830132589E-04
  148        6.921041534E-04
  149        7.000566561E-04
  150        7.057582105E-04
  151        7.274412570E-04
  152        7.464574730E-04
  153        7.755870837E-04
  154        7.992994374E-04
  155        8.342881659E-04
  156        8.727636812E-04
  157        9.000367137E-04
  158        9.383688452E-04
  159        1.002445256E-03
  160        1.067847931E-03
  161        1.083814970E-03
  162        1.140544338E-03
  163        1.234977894E-03
  164        1.312215890E-03
  165        1.392922362E-03
  166        1.425002679E-03
  167        1.472566409E-03
  168        1.485561900E-03
  169        1.491133652E-03
  170        1.527043365E-03
  171        1.677377073E-03
  172        1.928705888E-03
  173        2.092808353E-03
  174        2.281563301E-03
  175        2.426812065E-03
  176        2.595052843E-03
  177        2.767255610E-03
  178        2.921275072E-03
  179        3.063053551E-03
  180        3.134684200E-03
  181        3.160589020E-03
  182        3.277026364E-03
  183        3.349506829E-03
  184        3.402265333E-03
  185        3.411962091E-03
  186        3.474172848E-03
  187        3.515857744E-03
  188        3.670185963E-03
  189        3.708534115E-03
  190        3.859044271E-03
  191        3.623476639E-03
  192        3.885589018E-03
  193        3.893993954E-03
  194        4.175103757E-03
  195        4.420483159E-03
  196        4.495432132E-03
  197        4.636018389E-03
  198        4.586967343E-03
  199        4.824957677E-03
  200        5.068558692E-03
  201        5.284171316E-03
  202        5.472477325E-03
  203        5.751285866E-03
  204        6.057351661E-03
  205        6.365680195E-03
  206        6.570640603E-03
  207        6.783580449E-03
  208        7.202595221E-03
  209        7.354392452E-03
  210        7.259599214E-03
  211        7.648163659E-03
  212        7.713393123E-03
  213        7.733516416E-03
  214        7.417942414E-03
  215        7.892051870E-03
  216        7.900962558E-03
  217        7.809768896E-03
  218        7.876615449E-03
  219        7.886528647E-03
  220        7.779257923E-03
  221        7.960855453E-03
  222        8.039506836E-03
  223        7.898582914E-03
  224        8.006939322E-03
  225        8.053936262E-03
  226        8.014951533E-03
  227        8.022055360E-03
  228        8.404257510E-03
  229        8.388936106E-03
  230        8.455215801E-03
  231        8.400638193E-03
  232        8.665543354E-03
  233        8.844956370E-03
  234        8.713160479E-03
  235        9.270154169E-03
  236        9.399753995E-03
  237        9.321414608E-03
  238        9.444995379E-03
  239        9.539905460E-03
  240        9.523996630E-03
  241        9.950156024E-03
  242        1.041135753E-02
  243        1.003213005E-02
  244        1.058013434E-02
  245        1.056268636E-02
  246        1.050168109E-02
  247        1.070493855E-02
  248        1.086674332E-02
  249        1.096933902E-02
  250        1.102379113E-02
  251        1.110364399E-02
  252        1.129470091E-02
  253        1.144929454E-02
  254        1.147979365E-02
  255        1.157535337E-02
  256        1.147582331E-02
  257        1.138764072E-02
  258        1.152761640E-02
  259        1.147792658E-02
  260        1.135733035E-02
  261        1.204719776E-02
  262        1.179714517E-02
  263        1.189808202E-02
  264        1.225313867E-02
  265        1.213539041E-02
  266        1.156095314E-02
  267        1.232184827E-02
  268        1.202798526E-02
  269        1.225759400E-02
  270        1.248628111E-02
  271        1.266639509E-02
  272        1.269661101E-02
  273        1.327666517E-02
  274        1.370350455E-02
  275        1.319938484E-02
  276        1.227743167E-02
  277        1.377956691E-02
  278        1.080220834E-02
  279        1.246558758E-02
  280        8.392387985E-03
  281        6.252786732E-03
  282        4.039761539E-03
  283        6.251270130E-03
  284        4.478163842E-03
  285        4.812925878E-03
  286        3.437839382E-03
  287        5.403813079E-03
  288        4.288512459E-03
  289        4.130060642E-03
  290        4.452501819E-03
  291        2.966692237E-03
  292        2.763059105E-03
  293        3.251778506E-03
  294        2.295007345E-03
  295        2.996932853E-03
  296        2.459484463E-03
  297        2.429343388E-03
  298        2.145035927E-03
  299        1.244910695E-03
  300        7.362736274E-04
